Observations n = 1000
Iterations n = 2066

A
3 3 0.6964766373835002 0.013355500403251232 0.2901678622132489 0.10146487927926091 0.8120130378512407 0.08652208286949854 0.19211561032659855 0.3012796530898445 0.5066047365835568
B
3 4 0.688797090622045 0.22515631021701815 0.07537023567330646 0.010676363487629468 0.06786811273961628 0.4120667185370491 0.281391910547477 0.23867325817585824 1.3003746393080336E-47 7.858794225940137E-13 0.35330162504276075 0.6466983749564525


observations n = 10000
iterations n = 5000 (max)


A
3 3 0.6943177991467337 0.04491891494859064 0.26076328590467096 0.1176807523776364 0.746090137308851 0.13622911031350907 0.15415883756612833 0.25672705713702065 0.5891141052968542
B
3 4 0.7099655069483739 0.18640297636057657 0.10359191493877098 3.9601752272468794E-5 0.09881471315118302 0.42111594305280964 0.31216618871288343 0.1679031550831232 0.03210760056054384 0.17131175248212183 0.18662591968975714 0.6099547272675783


longer observations = closer to trained value, but more iterations required


Self-initilization

A-B-pi
3 3 0.6 0.25 0.15 0.15 0.6 0.25 0.25 0.15 0.6
3 4 0.6 0.2 0.15 0.05 0.15 0.55 0.20 0.10 0.05 0.25 0.60 0.10
1 3 0.52 0.18 0.3
10000 2 2 3 0 1 2 3 1 2 1 3 2 0 2 1 0 3 2 1 0 1 0 0 0 1 0 3 3 2 1 0 0 0 0 0 0 2 0 0 2 3 2 3 0 0 0 1 3 1 0 2 1 0 0 3 1 3 1 0 0 2 0 0 0 0 0 1 0 0 0 0 3 3 2 3 1 2 2 2 1 3 2 0 3 3 2 1 2 1 0 1 3 1 1 1 1 2 1 1 2 2 1 0 0 0 3 0 3 3 0 0 0 0 1 3 3 1 3 3 1 2 1 3 3 3 3 2 2 0 0 1 1 3 3 3 0 2 0 0 1 1 0 0 1 0 2 0 1 0 3 2 3 0 1 0 2 2 3 3 1 3 3 1 0 2 1 0 3 0 1 1 0 2 2 3 2 3 1 3 3 3 3 0 3 3 2 2 1 3 3 1 3 2 2 2 1 1 2 2 1 0 0 1 3 3 3 2 3 0 0 0 0 1 1 0 0 0 2 3 3 3 1 1 0 0 1 1 1 0 0 3 2 3 0 0 0 0 2 1 0 0 0 3 3 1 1 0 3 3 1 3 3 2 2 0 1 1 0 1 1 1 3 3 2 3 3 3 3 1 1 1 1 1 3 3 1 1 2 3 0 0 0 0 0 0 3 3 0 3 2 3 3 2 3 3 3 2 3 3 0 0 1 0 1 3 2 0 0 0 1 0 3 1 3 2 0 1 3 1 3 2 3 2 3 1 3 3 2 0 1 3 2 2 3 0 2 0 0 0 2 0 0 0 3 0 1 0 1 1 1 0 1 1 0 0 0 1 0 3 3 3 2 3 3 1 0 1 0 1 0 1 1 2 3 1 3 3 0 3 1 2 2 3 3 3 2 1 2 2 0 0 0 2 3 3 2 2 1 3 3 2 2 1 1 3 3 3 3 3 1 1 1 2 1 2 2 1 0 0 3 3 1 1 1 2 2 3 3 0 2 3 0 0 1 1 1 1 1 2 2 2 2 1 3 0 1 3 2 0 1 3 1 1 1 1 2 0 0 1 0 0 1 2 1 1 1 3 1 0 2 1 0 2 0 0 0 0 0 1 1 0 0 2 1 1 0 1 1 0 3 1 3 1 1 0 1 0 3 1 2 2 2 0 2 3 0 0 1 2 0 3 3 2 1 1 2 0 0 0 0 2 3 1 2 2 2 0 0 1 1 1 1 3 3 1 2 1 1 0 3 3 3 0 0 1 1 1 1 0 1 1 1 3 1 1 1 3 2 2 2 1 3 0 1 3 3 3 3 2 2 1 1 2 2 2 2 0 1 0 1 1 3 1 3 2 3 3 2 3 3 2 0 1 2 2 3 2 3 1 2 1 1 1 0 2 1 3 2 0 3 1 3 3 1 1 1 1 1 3 1 1 0 0 3 3 0 0 0 0 0 2 3 2 3 1 1 3 1 2 3 1 2 0 3 3 3 2 3 2 0 1 0 1 3 3 3 1 2 0 2 3 3 1 1 2 1 1 2 0 1 0 3 2 2 1 2 1 1 0 1 2 3 2 3 2 3 2 1 2 1 1 1 3 3 2 0 3 1 2 0 0 0 1 1 1 0 2 2 3 3 1 3 0 1 3 0 1 2 3 3 0 1 1 1 0 3 2 2 3 1 3 2 3 0 0 0 1 3 3 1 2 0 3 2 3 0 2 3 1 1 0 0 1 1 3 2 1 2 1 2 2 1 1 3 3 1 2 2 1 3 2 0 0 0 1 3 1 3 1 1 2 3 3 2 0 0 0 0 0 3 2 2 2 2 3 1 2 3 3 0 0 1 0 2 0 1 2 1 1 1 0 2 2 0 0 0 3 1 0 0 1 1 0 3 1 2 3 1 1 2 2 1 3 1 3 1 0 1 2 3 2 1 3 1 2 2 0 1 0 2 1 0 0 0 1 1 1 0 1 2 1 1 3 1 1 3 2 3 2 2 1 1 1 3 1 1 2 3 2 1 2 3 3 2 3 3 3 3 2 0 0 2 2 2 1 3 3 0 3 1 1 1 0 0 1 1 1 2 2 2 3 3 3 2 1 2 1 0 0 2 3 3 1 1 0 2 1 0 2 1 0 0 3 1 2 2 3 3 1 2 2 1 1 0 0 0 3 2 1 2 3 2 0 0 2 0 0 2 2 2 3 3 2 0 0 0 2 1 2 1 1 2 0 3 3 3 2 1 1 1 2 3 1 3 3 1 1 3 3 1 2 3 3 0 1 1 2 3 1 0 1 3 1 3 2 0 0 1 0 0 2 0 0 3 2 3 0 1 3 0 3 3 1 0 2 1 2 1 3 2 1 2 2 2 3 3 2 0 0 0 1 0 0 0 3 1 1 2 0 2 3 2 2 2 3 3 3 0 3 0 0 0 0 0 3 1 3 2 2 1 2 0 2 0 0 0 2 2 3 3 0 2 3 2 3 3 3 0 0 0 2 0 0 0 0 0 1 0 0 0 3 1 3 2 2 0 2 3 3 3 1 1 1 1 1 2 1 0 3 3 1 3 2 0 3 0 0 0 3 2 2 3 1 2 3 3 3 0 1 0 0 0 0 0 2 2 1 1 0 1 0 1 3 3 1 0 0 3 1 3 0 2 3 3 3 2 2 1 0 0 3 3 0 0 3 2 3 1 3 1 2 0 1 3 3 2 2 3 1 2 2 1 0 0 1 2 3 1 2 2 3 0 3 3 2 0 1 0 0 1 3 1 2 1 2 3 1 0 0 3 2 0 2 2 1 3 1 2 1 2 2 1 2 1 3 3 3 3 2 2 1 0 3 3 3 0 2 1 0 3 1 0 1 1 3 0 0 0 0 1 0 0 2 0 0 0 1 0 1 3 0 2 2 3 3 3 0 1 3 1 2 1 1 2 2 2 3 2 0 0 2 0 0 0 2 0 0 1 1 3 2 0 0 0 0 0 0 0 3 2 3 1 0 2 0 2 3 2 0 0 0 1 3 3 0 1 0 1 1 0 2 0 3 2 0 1 2 1 2 3 2 0 3 1 1 1 0 3 1 1 2 0 0 0 0 0 0 0 3 3 1 1 3 1 0 2 1 3 0 3 0 0 1 1 1 1 2 0 3 2 2 3 3 1 0 2 2 3 2 0 2 1 0 0 0 2 3 1 1 2 1 3 3 1 1 1 3 2 1 1 1 1 3 3 0 3 3 3 1 2 1 1 0 3 3 3 3 1 1 2 3 3 3 1 1 1 1 2 1 0 2 2 1 1 0 0 0 0 2 0 0 0 0 0 2 0 0 1 3 2 2 1 2 0 1 0 0 2 1 2 3 1 3 3 1 1 1 2 1 0 1 0 3 1 3 1 1 1 0 3 1 0 2 1 2 0 1 3 3 2 1 2 1 3 0 2 0 0 3 2 1 1 1 0 0 2 0 0 0 0 0 1 0 3 1 1 0 1 1 1 0 0 0 1 1 3 2 2 3 3 1 2 1 0 3 3 3 1 1 2 0 2 3 3 3 3 2 3 2 1 0 1 3 3 3 0 0 0 0 0 0 0 0 2 3 3 1 0 1 3 1 3 3 1 3 1 3 3 1 1 0 2 2 1 2 3 2 0 0 2 0 1 1 1 1 3 3 2 2 1 1 1 1 1 1 0 3 3 2 3 1 2 2 3 2 3 3 1 1 0 1 3 2 0 1 2 3 1 2 2 2 1 2 1 3 2 1 2 2 1 1 2 2 1 3 1 0 1 1 0 3 1 3 3 2 3 1 1 0 2 0 3 2 0 2 1 3 1 0 2 2 3 2 3 2 3 3 3 3 3 1 0 0 3 3 3 1 1 0 0 0 1 0 0 1 0 2 0 0 2 1 3 2 3 1 1 3 2 0 1 1 1 3 2 2 3 3 3 0 3 3 1 3 1 2 3 2 3 0 3 1 1 1 0 1 1 3 1 2 0 0 2 1 3 3 3 1 2 2 1 3 1 1 1 1 1 2 0 0 0 0 0 1 0 1 3 0 2 2 0 1 2 0 0 1 0 2 2 0 1 2 3 3 2 1 3 0 3 0 3 3 3 1 3 1 3 2 2 1 0 0 1 0 1 3 2 0 1 0 3 3 2 1 3 1 2 3 3 0 1 1 3 1 1 3 0 3 3 1 3 1 0 2 3 3 3 1 3 0 1 2 0 0 0 0 2 2 2 2 2 1 2 1 0 2 0 1 1 2 0 1 1 1 0 0 3 3 3 1 3 0 2 2 3 2 1 0 2 0 0 0 2 3 1 1 3 2 1 2 3 2 0 1 2 1 1 1 0 1 3 2 1 1 1 0 0 1 0 0 0 1 0 0 3 0 2 2 1 0 0 1 3 0 0 0 1 0 3 0 0 0 0 1 3 1 1 0 1 3 1 0 2 1 2 1 0 0 1 1 1 2 1 3 3 3 0 2 0 0 1 2 0 0 0 0 0 1 3 0 0 2 2 2 2 2 0 1 0 3 1 0 0 1 2 1 1 1 3 3 0 1 0 0 0 0 0 2 2 1 3 3 3 1 1 1 0 0 0 3 3 3 2 0 1 3 2 3 3 1 1 1 3 2 3 2 0 1 1 2 0 1 2 2 1 0 1 1 3 2 1 2 1 2 1 2 3 2 3 3 3 3 3 1 1 2 3 1 1 1 0 0 3 3 2 0 3 3 3 2 3 3 3 0 3 1 2 1 1 0 0 1 1 3 3 1 1 1 1 3 2 3 2 0 0 3 1 0 0 2 0 1 3 2 1 0 2 2 3 2 2 3 3 3 3 0 0 0 3 3 3 2 2 1 2 1 2 0 0 1 0 3 3 3 3 2 2 2 3 3 0 1 1 2 0 0 3 0 0 2 0 0 0 3 3 3 1 3 3 1 2 1 0 0 0 1 3 1 1 1 2 2 2 1 3 1 0 0 1 2 0 2 2 3 1 1 1 1 3 0 3 1 0 3 1 2 3 3 3 0 3 1 0 1 1 1 2 3 1 0 3 2 3 1 3 1 3 2 1 1 1 1 2 1 1 0 0 0 0 0 0 3 0 1 0 0 0 0 3 3 0 3 2 1 3 1 3 2 2 0 0 1 1 2 1 0 0 1 3 0 0 0 0 0 2 2 2 0 1 2 2 3 3 0 2 0 3 2 1 1 1 3 3 3 3 2 2 1 0 0 1 3 1 3 0 1 2 1 1 3 1 0 1 0 0 2 3 0 3 2 0 0 1 0 0 0 1 0 2 1 1 1 3 2 2 1 3 2 1 1 2 3 0 2 2 3 2 1 2 0 0 2 1 1 1 2 1 0 3 1 1 3 2 3 1 3 3 1 0 1 1 0 1 1 0 3 3 2 3 2 0 0 1 0 0 0 0 0 0 1 0 2 1 1 2 2 3 0 2 1 3 1 0 1 0 2 0 0 2 2 2 0 1 0 3 2 2 1 3 1 0 0 0 3 1 2 0 3 3 3 1 0 0 0 0 3 3 3 3 0 0 1 0 0 3 3 3 3 0 0 1 1 3 1 2 3 1 1 3 2 1 3 2 3 1 0 0 2 1 2 0 0 0 1 1 2 3 0 0 3 0 3 1 3 3 2 3 0 0 3 2 3 0 0 0 2 0 1 2 1 0 0 2 2 0 1 3 3 3 3 2 3 2 2 3 1 0 3 1 2 1 3 3 1 3 1 2 0 2 0 0 1 1 1 2 0 3 0 1 3 1 0 0 0 0 0 3 1 3 0 3 0 2 3 0 1 1 0 3 0 2 2 3 1 0 0 0 3 0 1 3 3 0 3 1 3 1 3 3 0 3 3 3 3 1 2 1 0 1 3 1 2 3 1 1 1 1 0 2 0 0 0 1 3 1 2 1 3 1 3 2 3 3 3 3 3 1 2 2 3 3 2 0 0 0 0 0 0 0 1 0 0 0 0 0 2 2 0 0 0 3 0 3 2 0 0 3 1 1 1 1 3 3 3 3 3 0 0 1 0 0 0 0 0 2 3 1 0 2 3 3 1 1 1 1 0 2 1 0 3 1 2 2 1 2 1 2 2 1 3 2 3 2 3 1 3 3 3 1 0 3 1 1 0 1 1 1 0 0 1 2 2 3 0 2 1 1 1 0 0 1 2 3 3 3 1 3 1 2 0 0 0 0 0 1 0 3 0 0 2 0 0 1 3 1 0 1 0 0 0 3 3 1 3 3 1 0 0 0 0 0 1 1 0 0 0 0 0 0 2 0 0 0 3 2 2 0 3 2 1 2 2 1 1 3 0 3 1 2 1 0 1 2 3 3 2 1 0 1 0 1 3 3 0 0 1 0 0 0 3 3 2 2 1 3 2 2 0 1 0 3 2 3 1 0 1 3 2 2 0 2 2 1 2 1 3 0 3 0 0 1 3 3 3 3 1 2 2 2 1 1 0 0 0 0 3 3 3 1 2 0 1 2 3 1 2 3 0 1 2 2 3 3 2 3 2 1 0 0 0 0 0 0 3 1 1 0 1 0 0 0 1 1 3 0 2 2 2 2 2 1 2 1 1 3 1 1 1 3 3 0 2 1 0 1 0 1 1 3 2 3 1 1 3 2 2 1 2 1 3 2 1 0 3 2 1 2 1 1 3 2 3 3 1 1 2 1 0 1 1 3 2 0 0 1 3 0 1 1 3 3 3 3 1 0 0 3 3 2 1 0 1 2 2 3 3 0 0 0 0 0 0 0 0 0 3 0 1 3 0 0 2 2 0 0 0 0 0 3 3 3 3 2 2 1 2 1 1 0 2 3 1 0 0 1 2 2 1 3 1 2 3 2 3 2 2 3 2 0 1 2 1 3 2 3 3 2 3 1 1 2 2 2 1 3 2 1 3 2 0 3 1 2 1 3 2 3 3 2 3 2 1 1 1 0 0 0 0 0 2 2 1 3 2 3 3 1 0 0 0 1 0 0 2 0 1 3 2 0 1 1 0 0 2 0 1 2 1 0 0 0 0 0 0 3 1 1 1 3 2 1 2 3 2 3 3 3 2 0 1 0 2 2 2 2 1 2 3 3 3 3 3 2 1 3 1 1 0 3 2 3 1 1 0 2 3 2 0 3 1 1 1 2 0 1 1 0 3 3 1 1 0 0 3 1 0 3 1 0 0 0 0 0 0 0 0 0 0 0 3 3 3 2 3 3 3 3 1 3 3 2 2 3 1 2 0 1 3 0 0 0 0 1 0 1 1 3 2 0 2 2 0 0 0 1 0 0 0 3 0 0 0 3 2 3 2 1 3 2 0 3 2 1 2 2 1 0 1 2 0 0 3 3 3 1 3 3 3 3 1 1 1 0 3 3 1 1 0 1 0 0 0 0 0 1 3 3 0 1 3 3 1 0 0 3 3 3 3 1 1 1 2 1 1 0 1 3 1 0 0 0 3 3 2 3 3 0 2 1 1 1 2 2 3 1 2 2 1 3 3 0 3 3 3 3 2 3 0 2 1 1 1 0 0 2 0 0 1 0 1 1 0 0 3 2 1 2 3 1 3 1 0 1 1 0 3 2 0 2 2 0 0 0 0 2 1 2 3 2 1 1 3 0 0 0 3 0 1 2 1 3 2 1 3 0 3 3 1 0 3 1 1 1 1 1 2 0 2 1 3 1 1 1 3 2 2 3 3 0 3 3 1 3 1 1 1 1 2 1 2 0 3 1 2 0 3 2 1 3 3 0 2 3 0 3 3 0 1 2 3 1 0 1 3 0 1 2 2 2 1 2 2 1 3 3 3 3 2 3 3 1 0 0 0 3 2 1 1 2 2 0 3 2 2 2 2 0 0 0 2 3 2 0 3 2 0 2 2 2 0 1 2 1 1 1 1 0 0 0 0 0 0 1 0 0 3 3 1 0 3 3 0 0 0 0 0 3 0 2 1 1 1 2 2 0 0 0 0 1 0 2 2 3 3 0 3 2 2 2 1 3 2 1 3 1 2 2 2 2 1 1 1 3 3 1 3 2 0 0 2 3 1 0 0 1 0 0 0 2 1 0 2 1 0 2 0 0 0 3 0 1 2 3 3 1 0 0 0 0 2 0 0 3 0 0 2 1 3 3 1 0 2 2 1 0 0 0 0 3 3 1 3 1 1 2 2 3 2 1 1 3 2 2 3 0 0 3 0 0 0 0 3 1 2 2 2 3 2 0 0 1 3 1 1 0 0 0 3 3 2 3 1 3 3 3 3 0 0 1 1 0 2 1 0 2 1 1 3 3 2 0 3 3 0 0 3 0 1 0 0 2 2 2 2 2 1 0 0 0 0 0 2 3 1 3 3 1 3 3 3 3 3 3 3 3 3 2 3 3 0 3 2 3 2 1 1 1 1 1 2 3 3 1 2 3 3 1 1 2 1 3 3 1 3 2 1 2 0 2 1 0 1 3 3 3 1 1 0 0 3 3 0 0 3 2 2 1 3 0 0 2 2 3 2 1 1 3 3 1 1 3 0 2 1 1 1 2 2 0 0 0 0 0 0 3 0 3 2 2 2 1 2 2 3 2 1 2 2 0 0 0 1 0 0 0 0 1 1 0 0 0 1 2 1 2 0 3 1 1 1 0 0 2 1 2 2 0 0 0 1 1 2 2 2 1 1 2 1 1 1 1 0 0 3 3 2 2 1 2 0 3 1 2 2 1 2 1 1 2 1 2 1 2 2 3 1 3 1 3 0 2 1 2 3 0 3 2 1 2 1 2 1 1 0 0 1 1 3 1 0 2 0 1 0 3 3 3 3 3 2 1 0 3 0 0 0 1 1 3 3 1 3 3 1 3 2 2 0 3 1 1 3 0 0 2 3 1 1 2 3 1 0 2 1 1 1 3 2 1 2 2 1 2 1 3 2 1 3 0 1 3 1 0 1 2 1 0 0 1 2 3 2 3 2 3 3 3 3 1 1 2 1 2 0 1 3 2 2 1 0 0 1 1 0 1 2 0 0 0 1 1 3 2 1 0 1 0 0 2 3 2 3 2 1 2 2 0 2 1 1 2 1 1 2 1 2 2 2 0 2 0 0 0 1 2 2 1 0 1 1 3 1 1 1 3 3 0 1 2 1 0 0 0 2 0 0 3 3 3 1 2 3 3 3 2 1 1 0 1 1 1 0 3 3 0 3 1 2 1 3 2 3 1 1 2 0 2 0 0 0 2 0 2 3 2 0 1 3 0 0 3 0 3 2 1 0 3 3 3 2 3 2 3 1 1 1 1 3 0 0 0 3 2 2 0 0 2 3 3 2 1 2 3 3 3 3 2 3 1 1 2 1 1 3 0 1 0 1 2 0 1 0 3 3 1 2 1 1 2 3 1 2 1 0 0 0 0 0 3 1 1 3 1 1 3 1 0 0 2 0 0 2 1 2 3 1 3 1 1 1 2 2 2 2 2 1 3 3 2 1 3 3 2 3 1 1 1 1 1 1 3 3 3 2 3 1 1 2 3 2 3 3 2 3 2 1 1 1 3 0 1 2 3 0 1 3 3 3 2 3 3 0 1 2 1 2 1 3 3 3 3 3 3 0 2 0 1 2 3 1 3 1 1 2 0 0 3 1 3 2 1 2 2 3 1 3 1 0 3 2 3 1 3 0 2 0 1 1 2 0 0 2 3 2 1 3 1 3 1 1 1 1 3 3 0 0 0 0 2 3 3 2 0 0 3 1 0 0 1 1 1 2 2 3 0 2 3 1 1 1 3 2 2 1 2 1 1 2 3 1 3 3 1 3 1 2 2 1 1 1 2 1 1 3 2 1 3 0 0 1 1 1 3 3 0 0 2 2 1 0 0 0 0 1 0 0 2 0 0 0 3 1 0 3 1 1 0 0 0 0 3 3 3 1 1 3 1 1 3 1 2 1 1 2 3 2 2 1 0 0 1 3 0 0 0 0 0 3 1 1 1 2 1 2 2 1 2 2 1 3 0 2 3 3 2 2 3 2 1 3 1 0 0 1 0 1 3 2 2 0 1 1 3 3 3 1 2 1 3 0 2 1 0 0 2 2 2 0 0 3 3 3 3 1 2 3 1 1 1 1 2 1 1 3 0 2 2 3 3 3 0 1 3 2 1 2 0 1 2 0 0 3 3 1 0 2 1 1 2 0 1 0 1 3 1 0 0 3 3 2 1 2 0 3 2 1 1 3 1 1 0 0 0 1 1 3 3 0 2 1 0 2 3 1 1 3 1 1 3 1 2 3 3 1 1 3 3 3 1 1 3 3 2 3 2 2 0 2 2 2 3 2 3 1 0 0 1 2 3 1 2 0 3 3 1 1 3 3 2 2 2 2 1 1 1 1 2 2 1 1 0 1 1 0 1 1 0 1 1 0 3 3 3 2 0 1 1 2 3 3 1 3 1 2 3 3 3 3 0 3 3 3 3 2 0 0 0 1 1 0 0 2 3 3 3 2 1 3 2 2 1 2 2 1 0 0 2 3 1 3 2 3 2 1 3 3 0 2 2 0 0 2 3 0 0 2 3 3 0 1 2 0 3 1 1 1 2 3 1 3 1 2 0 1 1 0 2 3 0 2 1 1 1 3 0 1 1 0 1 1 3 1 3 3 1 3 2 0 2 2 0 0 0 1 2 1 2 1 1 2 1 1 1 3 3 3 3 3 2 1 0 3 2 3 3 3 2 0 1 2 1 3 3 3 3 3 0 0 0 0 0 1 0 3 2 0 0 3 3 2 2 1 1 3 3 3 3 3 3 3 0 3 3 3 2 3 3 1 1 3 1 3 1 1 1 3 1 1 1 2 0 0 0 2 2 1 3 0 0 1 0 3 0 0 1 2 2 1 1 2 1 2 1 1 3 3 2 2 3 1 1 3 1 3 3 3 1 3 1 0 3 3 3 1 3 2 0 3 1 0 1 3 3 0 1 0 1 1 2 1 3 1 2 2 2 2 2 2 2 1 1 2 2 3 3 0 2 1 0 1 1 2 1 1 0 1 0 0 0 0 0 1 3 0 1 0 1 0 2 1 3 1 0 1 0 3 0 1 1 3 0 2 0 0 0 3 3 3 3 0 3 1 1 0 0 1 2 0 0 0 0 2 0 2 0 2 0 0 0 0 1 1 3 1 2 3 3 2 3 0 0 1 3 1 3 3 1 0 1 3 3 3 3 0 3 1 1 1 0 1 3 1 0 0 0 1 0 0 1 3 1 3 3 1 2 2 1 0 0 1 1 0 1 3 3 2 1 3 3 3 0 0 3 1 0 0 0 0 1 2 3 3 3 2 2 2 1 1 3 2 1 1 1 2 0 0 0 0 0 2 1 0 2 1 0 1 3 1 1 3 3 3 3 1 3 1 2 2 0 2 2 3 0 1 2 2 0 2 3 3 1 0 3 1 1 1 3 3 0 3 2 3 3 0 3 1 0 0 0 0 1 0 2 2 0 2 1 2 0 0 0 3 2 3 1 3 1 3 0 3 1 0 3 3 3 1 1 2 0 0 0 0 3 1 3 1 0 2 2 3 0 2 2 3 2 1 1 1 1 1 1 2 0 0 3 1 3 1 0 0 0 0 0 0 2 0 0 1 0 0 1 2 0 0 0 1 3 3 3 3 2 2 1 2 3 3 1 0 0 0 0 1 1 0 3 3 3 3 2 0 0 0 0 0 0 1 0 0 0 3 1 3 1 2 1 1 1 2 2 1 2 3 3 2 1 3 1 1 3 2 0 0 2 2 3 3 2 3 3 3 3 0 2 3 1 1 1 0 3 3 3 3 1 1 2 1 1 2 1 1 1 2 1 1 1 3 3 2 0 0 3 3 0 0 3 2 1 0 2 0 2 0 3 0 0 3 1 3 3 3 2 3 1 3 3 3 3 2 3 2 1 1 0 0 0 0 2 2 1 3 1 3 0 3 3 3 3 3 1 0 0 0 1 2 2 1 3 0 1 3 3 1 1 3 2 1 1 2 0 1 1 2 0 1 3 0 3 2 1 1 1 1 3 3 2 2 1 2 0 0 3 3 3 3 1 0 1 2 1 1 2 0 1 1 0 1 0 1 0 0 3 0 2 1 2 0 3 1 0 0 1 2 2 2 3 0 2 0 0 2 0 1 0 1 0 0 3 3 1 3 2 3 1 2 0 3 3 2 2 2 3 1 3 3 3 3 1 2 3 1 3 3 1 0 0 2 2 2 3 2 2 1 2 1 0 3 3 1 1 3 1 3 2 2 1 1 1 2 1 1 1 3 2 1 0 0 0 2 2 2 3 3 3 3 1 1 1 1 0 0 2 3 3 3 3 1 2 0 1 1 3 1 3 3 1 1 1 1 1 3 0 0 1 0 3 2 3 3 3 0 2 2 0 0 3 0 1 0 0 2 2 0 3 2 2 1 1 3 2 3 1 3 3 1 1 0 0 1 1 1 3 3 3 0 0 0 0 0 1 3 2 3 1 1 2 3 1 3 3 2 1 2 1 1 1 3 3 2 1 1 3 0 2 3 1 2 1 3 1 1 0 0 2 1 1 0 0 1 0 0 0 3 2 0 0 2 2 0 1 0 0 0 0 0 0 0 3 3 3 3 2 1 2 1 1 3 2 2 3 2 2 2 2 3 1 2 2 1 2 2 1 1 1 1 2 2 3 3 2 0 0 2 1 0 1 3 1 2 3 3 3 3 2 1 1 3 1 0 3 0 0 3 3 1 1 3 3 1 3 3 3 2 3 1 3 3 1 1 1 1 2 1 3 3 1 2 3 3 1 2 2 1 1 2 1 1 3 3 3 1 1 3 0 0 3 1 3 3 3 3 1 0 0 3 2 2 2 1 0 0 3 1 0 2 3 3 1 0 1 3 3 2 3 1 2 0 1 0 1 0 0 3 0 3 0 2 3 0 0 2 2 1 0 1 3 1 3 3 1 3 1 1 2 2 3 2 3 3 0 2 0 3 0 0 0 2 2 0 0 0 1 0 0 1 3 2 3 3 2 0 0 0 0 3 3 0 0 0 0 0 1 0 3 0 1 0 0 0 0 3 2 0 3 3 3 3 1 3 1 2 3 1 1 0 2 0 3 2 2 1 1 1 3 1 3 0 3 2 1 1 1 1 2 1 0 0 0 1 1 0 0 0 0 1 0 2 0 0 0 2 3 0 2 3 2 1 2 1 1 0 1 0 0 2 0 0 3 1 2 2 2 0 0 2 0 0 3 3 0 0 0 0 3 1 1 2 3 3 1 3 0 3 1 1 0 3 3 3 3 3 2 2 1 0 0 0 0 0 0 0 0 0 0 1 3 1 3 3 1 2 2 2 2 0 0 1 2 3 3 2 3 2 2 2 3 2 0 1 1 1 0 0 0 0 0 0 0 3 0 0 0 3 1 3 3 3 0 0 0 1 3 1 2 1 1 1 1 1 0 3 0 1 0 0 1 0 0 3 1 3 2 0 3 0 1 1 0 0 3 1 1 1 3 2 1 3 2 3 1 2 3 0 3 3 3 1 2 3 3 0 0 0 2 0 0 0 2 3 2 1 1 3 1 0 0 0 1 0 0 1 3 1 0 1 0 0 0 0 3 2 1 3 0 1 0 1 0 0 1 2 1 2 2 1 3 0 0 0 3 0 2 1 3 0 0 2 2 3 1 3 0 3 1 0 0 1 2 1 1 2 2 1 1 1 1 2 0 2 1 2 2 1 0 1 1 1 3 0 0 2 0 3 0 1 0 0 0 2 2 3 2 3 2 2 3 1 1 0 1 3 3 1 1 1 2 1 2 3 0 0 3 3 1 1 3 2 1 3 1 3 3 1 3 2 0 0 0 2 3 1 2 0 2 1 1 1 1 0 1 3 3 3 3 0 0 0 3 3 3 3 0 3 2 1 2 3 1 2 3 1 1 1 2 1 1 3 0 0 1 1 0 0 0 2 3 3 2 1 1 2 1 2 1 2 2 1 1 3 0 1 3 2 3 0 1 0 3 3 0 3 3 1 1 3 3 3 2 1 2 1 0 2 3 3 1 2 2 2 0 1 0 1 3 1 2 3 3 2 0 3 1 2 3 2 0 3 3 2 1 3 1 1 3 0 2 0 0 0 3 2 0 0 0 0 0 0 0 1 1 2 2 3 2 2 2 2 3 3 1 1 3 3 0 3 0 0 0 0 0 0 0 0 1 3 1 0 0 0 0 3 2 3 3 1 0 3 3 1 2 2 3 0 1 0 0 3 1 2 0 0 0 3 1 3 1 3 2 2 1 2 3 2 3 1 0 0 1 3 3 2 1 2 0 0 0 0 2 1 1 1 0 0 3 3 2 0 1 2 2 3 2 1 2 2 3 1 1 3 1 3 1 0 0 2 0 3 2 1 1 3 0 2 2 1 1 3 2 3 0 0 0 0 0 0 0 0 2 2 0 0 3 1 3 1 3 3 3 3 3 2 3 3 0 0 0 0 1 2 1 0 0 0 0 2 2 0 0 0 3 3 1 3 3 3 2 1 1 1 2 3 0 0 3 1 3 0 3 2 1 0 1 1 1 0 2 3 1 2 3 3 2 2 3 3 0 0 1 1 3 3 3 3 0 3 0 0 0 0 3 2 3 2 1 0 2 2 1 0 2 2 0 1 1 1 1 2 1 1 2 2 2 2 0 1 0 0 0 1 3 2 2 1 3 0 3 3 3 1 1 1 2 2 1 0 3 3 3 1 1 3 1 0 0 1 2 3 3 0 2 0 0 0 2 2 2 1 2 1 0 1 1 2 0 0 1 0 0 3 3 1 1 3 3 1 1 0 0 0 0 0 0 1 3 3 0 3 2 0 1 3 0 1 3 3 3 3 0 0 0 3 0 3 2 3 3 2 0 1 1 0 0 0 3 1 3 0 1 3 3 1 1 1 1 0 1 0 1 3 3 1 2 1 1 1 1 3 3 2 3 2 2 2 2 3 3 1 1 0 0 0 0 1 2 1 0 1 0 0 1 0 0 0 1 0 0 2 2 0 3 3 2 1 2 3 3 3 0 2 3 3 2 2 0 0 1 2 1 1 0 3 1 1 1 3 1 1 3 2 1 3 3 0 2 0 2 2 1 1 1 3 3 3 3 3 3 0 3 2 0 1 2 3 0 0 1 1 2 0 0 0 3 1 3 3 1 2 2 2 0 0 3 2 0 0 0 2 0 2 1 3 2 2 0 1 0 2 1 3 0 2 1 2 3 2 1 1 1 2 1 0 3 3 3 3 2 0 1 3 3 3 3 2 1 1 1 1 2 1 3 1 3 1 3 2 1 3 3 1 3 1 0 0 3 3 2 3 3 1 3 2 1 3 3 2 3 3 0 1 1 1 1 0 1 1 1 2 1 3 2 3 2 3 3 2 3 2 2 3 0 0 1 2 0 1 0 2 0 3 0 2 2 1 3 2 2 2 0 1 2 1 3 1 3 3 2 2 2 0 0 0 0 0 3 3 3 3 3 0 0 0 1 1 1 0 2 3 0 0 2 1 3 2 3 1 1 0 0 2 0 0 3 2 3 3 2 3 1 1 2 1 0 3 2 2 1 1 3 2 0 2 1 3 1 0 0 2 1 2 3 0 3 2 1 3 0 0 2 2 1 2 0 2 0 1 1 0 3 0 1 2 1 1 2 3 1 0 0 0 1 1 1 3 2 3 1 0 0 0 0 2 3 3 3 0 2 3 2 2 1 0 3 0 3 2 2 0 3 0 0 0 0 2 3 2 1 1 1 0 0 3 2 3 2 3 2 2 2 3 3 2 3 1 1 1 3 0 2 1 1 0 0 1 3 1 1 0 3 3 1 0 1 0 2 3 1 0 0 2 0 0 0 1 3 3 2 0 0 2 3 3 0 3 0 2 2 0 0 3 0 0 0 0 0 2 0 0 0 0 0 0 1 0 0 3 3 1 1 2 3 0 0 0 0 0 0 1 1 1 1 0 0 2 0 3 1 3 1 2 2 1 0 2 1 3 0 0 1 1 1 3 1 2 2 3 2 2 3 2 1 3 3 0 0 0 2 2 3 1 2 1 3 3 1 1 3 2 3 1 1 2 3 1 2 1 3 0 0 1 3 3 2 3 0 3 3 1 2 1 2 1 1 2 1 0 0 0 0 0 0 0 0 0 0 0 2 0 2 3 3 1 0 3 2 1 2 1 1 1 3 0 0 0 1 1 2 1 2 3 3 3 3 1 1 0 2 1 3 1 1 1 0 1 1 1 1 2 2 1 0 3 3 3 3 2 2 1 1 0 0 0 1 0 0 0 1 2 0 1 0 2 2 3 0 1 3 3 1 0 0 1 1 3 2 2 2 1 3 2 3 3 1 0 0 0 1 0 0 3 2 0 0 2 3 2 3 1 2 0 0 2 1 0 1 0 0 3 1 3 0 1 0 0 3 0 2 2 1 3 1 3 2 1 1 1 1 1 2 1 3 2 0 3 1 2 1 2 2 2 1 2 2 2 1 2 3 3 2 2 3 2 1 2 3 1 1 1 1 3 3 1 1 3 2 0 0 3 3 1 3 2 2 0 2 0 0 0 1 0 3 3 3 3 2 3 2 1 2 1 2 1 2 3 2 2 3 2 1 1 2 1 2 2 3 2 1 0 3 3 2 2 1 1 1 0 0 0 2 2 1 3 1 0 0 3 3 2 1 2 2 0 3 1 3 3 0 2 0 0 1 0 3 3 3 1 3 1 3 1 2 0 2 1 0 0 1 3 1 3 0 2 3 3 2 2 3 0 0 0 0 1 3 2 0 2 1 0 1 1 2 3 3 2 2 3 1 1 3 2 1 1 1 2 3 3 2 2 2 3 3 1 0 1 2 2 1 2 0 0 0 3 0 3 1 2 2 0 3 0 1 1 2 1 0 2 1 1 2 2 0 1 0 1 0 0 2 0 0 1 1 3 3 0 1 1 2 3 3 3 0 0 0 1 1 1 0 0 0 0 3 3 1 1 1 1 3 0 3 3 0 1 1 3 0 2 0 0 0 0 0 0 1 1 0 0 0 3 2 2 3 3 2 3 0 0 3 3 0 2 1 1 1 0 0 1 0 0 2 0 0 3 0 0 0 0 2 3 3 2 3 2 3 2 0 1 0 2 0 1 3 3 3 2 0 2 1 1 1 2 3 2 0 0 1 0 2 2 0 0 3 1 3 3 2 3 3 1 0 1 0 1 2 1 3 3 3 3 2 0 2 0 0 3 2 3 3 3 0 2 1 0 0 0 3 1 0 1 3 0 0 0 0 0 1 1 0 2 3 1 2 3 2 1 0 1 2 0 0 0 3 1 2 1 1 3 1 3 0 1 2 3 2 1 0 2 2 2 0 1 2 3 0 0 0 0 2 0 0 0 3 1 2 3 3 3 1 0 3 3 0 2 2 0 2 2 1 3 1 1 2 2 0 0 1 2 0 1 2 0 0 2 0 0 0 3 3 1 3 3 2 1 3 2 2 2 2 3 2 1 2 2 0 0 1 0 0 0 3 3 2 1 2 0 2 2 2 3 2 3 1 1 2 1 2 0 1 1 2 0 0 2 3 3 0 0 0 0 0 0 0 0 0 0 1 0 0 3 2 2 3 1 1 1 0 2 1 2 3 1 2 1 0 0 2 2 0 0 0 0 3 0 0 0 2 0 0 0 1 1 1 1 2 3 3 1 1 1 1 2 2 3 3 2 2 0 3 2 1 2 3 1 0 2 0 1 1 2 0 0 2 3 1 3 1 0 2 3 3 0 0 0 3 3 1 3 0 0 1 2 2 0 3 3 3 3 0 0 3 2 1 1 0 0 0 0 2 3 0 3 1 1 0 0 2 2 2 0 0 3 3 3 3 3 0 3 3 0 0 2 0 1 3 3 3 0 0 0 2 3 0 0 1 0 0 0 3 3 0 0 3 2 1 3 2 3 2 0 3 2 3 0 2 1 3 3 2 3 2 2 1 0 1 3 2 3 0 2 2 0 0 3 1 2 0 2 0 0 0 1 3 3 2 1 0 1 2 1 1 3 3 3 3 3 1 0 3 2 2 1 1 2 3 1 3 1 2 0 0 1 3 2 0 2 3 1 3 2 1 2 2 0 0 0 3 0 2 1 2 1 2 0 1 0 0 0 1 2 0 0 0 2 2 3 3 2 0 0 2 1 0 0 1 1 3 2 1 1 2 3 3 3 0 2 1 0 2 0 0 2 2 3 0 0 1 3 2 0 0 3 1 1 2 3 0 2 1 2 0 0 3 3 3 3 0 1 0 2 3 2 2 0 1 0 1 1 3 3 3 0 0 0 3 3 1 2 1 1 1 2 2 2 0 1 0 0 1 0 0 0 1 3 3 3 1 0 0 3 3 2 3 0 3 3 3 0 1 1 3 1 1 0 1 2 3 1 0 1 1 3 2 1 2 0 1 3 0 0 0 2 3 3 3 3 3 3 3 3 3 1 0 1 0 0 3 1 2 2 3 2 0 3 3 3 1 2 2 3 3 3 2 3 3 3 1 2 2 1 1 1 2 2 2 3 0 1 2 3 1 3 1 1 0 1 2 3 0 0 0 0 0 2 2 1 1 1 3 1 2 2 2 2 2 2 1 1 1 1 1 1 3 1 1 1 3 0 0 0 1 1 3 0 1 1 0 0 0 3 3 1 0 0 3 3 3 3 1 3 2 1 1 2 0 1 2 1 1 2 1 3 2 1 3 3 1 0 2 2 3 1 3 3 3 0 3 1 3 1 0 0 0 0 0 0 3 0 1 3 3 1 2 1 3 2 2 2 1 1 2 2 0 3 3 1 2 3 1 1 2 2 1 1 0 1 3 2 3 3 3 1 2 3 1 1 2 2 1 0 1 2 1 2 3 3 2 3 2 2 2 2 3 3 2 1 2 0 2 0 0 0 3 1 1 1 3 3 3 1 1 2 3 3 1 0 3 1 3 1 3 1 1 2 2 1 1 0 1 1 0 2 0 0 0 3 3 3 0 0 1 3 3 2 0 1 3 0 1 2 0 0 3 3 2 2 3 3 2 3 3 1 1 1 2 2 1 0 3 3 2 1 1 3 3 3 3 0 0 3 2 0 0 0 0 1 0 3 1 1 3 0 3 0 3 2 3 3 0 2 0 0 3 1 3 0 0 3 3 2 3 1 1 2 3 1 0 0 3 2 1 1 1 1 2 3 1 0 0 0 0 0 1 0 0 1 3 1 1 2 2 3 2 2 1 1 1 2 2 2 1 0 2 1 1 3 1 1 2 1 3 3 3 1 1 3 1 3 1 2 2 2 3 1 3 1 1 2 2 2 2 3 3 2 3 2 0 0 2 1 1 1 1 1 1 3 0 0 3 1 2 3 1 0 2 1 2 3 0 3 1 0 1 0 0 1 2 3 1 0 3 2 1 3 3 1 0 1 3 1 3 1 0 0 3 2 1 1 2 0 0 1 0 0 0 2 1 2 3 3 3 1 0 1 3 3 3 1 0 3 3 1 2 1 1 0 2 3 1 2 3 1 2 0 0 0 1 0 2 3 3 3 3 1 0 1 0 3 2 1 0 0 3 1 3 2 0 1 0 0 0 1 0 0 1 1 1 2 0 0 0 1 0 0 0 0 0 0 1 0 0 0 1 2 3 1 1 3 0 0 1 1 2 1 3 0 0 0 0 0 2 2 1 0 3 0 3 1 0 2 0 2 1 2 1 0 2 2 3 2 0 0 0 1 2 2 1 0 0 2 2 0 1 0 0 3 2 2 2 1 1 2 3 3 1 1 2 3 1 3 1 0 0 0 0 0 3 3 3 3 3 3 3 3 3 0 0 0 1 0 0 2 3 1 1 0 3 1 0 0 1 1 3 3 0 2 0 0 0 1 0 0 2 3 3 2 2 0 2 0 0 1 3 1 3 1 0 3 3 1 3 1 3 3 1 1 2 0 3 1 1 2 2 2 3 3 3 2 0 0 0 3 1 0 1 1 1 1 2 3 3 1 3 2 2 3 0 2 1 3 3 3 2 3 0 1 2 1 3 1 3 0 2 2 1 2 1 0 1 3 2 0 1 1 3 1 3 2 3 3 3 1 3 1 0 2 1 1 3 1 2 2 0 3 3 3 3 1 3 3 0 1 0 0 3 3 3 0 1 1 0 0 3 2 1 1 0 2 2 3 0 2 2 2 2 0 0 0 0 3 3 3 1 0 0 1 0 1 0 0 2 3 0 2 0 3 3 2 3 0 1 0 2 1 1 3 2 2 1 1 0 1 0 0 0 0 2 0 3 0 1 3 1 2 2 1 3 3 3 2 0 2 3 1 2 0 1 1 2 0 0 0 0 0 0 0 3 3 0 2 2 1 0 0 3 3 3 1 3 1 1 0 2 1 3 2 3 3 1 1 1 2 3 2 3 3 0 0 0 3 0 0 1 0 0 2 3 3 3 0 2 1 1 2 2 3 3 1 3 0 3 3 3 1 3 0 1 2 1 0 0 0 3 3 3 1 3 3 3 1 0 2 1 2 0 0 3 2 0 1 0 3 0 1 0 0 1 0 0 3 3 1 1 2 1 1 1 3 3 1 2 1 2 2 0 0 0 2 3 3 0 2 1 3 2 2 3 3 3 1 3 1 3 1 2 3 3 3 2 1 3 1 0 3 3 3 1 1 3 2 2 2 2 1 1 1 2 0 0 3 3 3 1 0 0 0 0 0 1 0 0 1 1 3 1 2 3 1 3 3 1 3 1 1 2 3 3 0 2 2 1 1 1 1 1 2 2 2 1 1 0 0 0 0 2 0 3 2 1 2 1 3 3 3 1 2 3 1 0 0 3 3 3 3 3 3 0 0 2 0 1 1 0 0 1 3 3 3 1 0 1 0 0 2 3 0 2 2 0 0 3 3 2 2 1 1 1 2 2 2 2 1 0 0 0 3 1 1 1 3 2 1 2 0 3 1 1 2 1 2 1 2 1 1 2 0 1 1 0 0 3 1 3 3 2 1 3 3 3 0 0 3 1 1 1 0 0 2 1 0 0 3 0 0 0 1 2 0 0 1 2 3 3 0 1 0 0 0 1 2 1 1 3 0 2 2 2 1 3 3 3 2 3 2 2 0 3 2 3 1 0 0 0 2 3 3 3 3 2 1 3 0 0 2 2 3 3 2 1 3 2 1 3 2 3 3 2 0 1 1 1 2 2 3 2 3 3 2 1 1 3 0 2 0 0 3 3 3 1 0 1 2 3 2 1 2 2 2 2 3 1 1 0 0 3 3 3 2 1 0 0 1 0 0 0 0 1 2 1 2 1 3 0 0 0 0 2 1 3 2 2 1 1 0 3 0 2 2 1 1 2 1 3 3 2 3 2 2 0 0 1 0 2 1 3 2 1 3 2 0 0 3 3 3 1 2 3 3 0 1 1 0 1 0 1 3 0 2 2 1 1 0 0 0 1 0 1 1 3 3 1 1 1 1 2 2 2 3 3 3 3 3 0 1 3 2 1 1 1 2 2 0 2 0 0 0 3 3 3 3 3 2 3 0 1 1 2 2 3 0 3 2 3 0 3 1 2 1 2 3 1 3 3 2 2 3 1 1 1 2 3 1 0 0 0 1 1 1 2 2 1 1 0 0 3 1 2 2 1 3 2 3 3 3 3 3 3 3 3 3 1 0 3 3 0 0 3 0 1 0 0 0 1 0 0 3 3 2 1 1 0 2 2 3 2 0 3 3 2 1 3 0 0 1 0 2 0 2 0 1 3 0 0 3 3 1 2 2 3 2 0 0 1 0 1 1 1 1 2 0 0 2 3 2 1 3 3 1 1 1 2 1 1 0 0 2 1 2 1 0 0 0 1 1 3 2 3 0 1 3 1 1 3 0 2 0 2 3 3 2 1 1 1 0 1 0 2 3 1 0 0 2 3 2 0 3 1 3 2 1 2 1 3 2 2 1 1 3 1 2 0 0 0 0 3 3 3 3 3 2 0 1 1 1 2 2 1 1 0 2 2 3 1 2 1 2 3 3 0 0 2 1 1 2 1 3 1 3 3 3 0 0 3 1 3 3 0 0 2 3 3 2 3 1 1 2 1 1 2 1 3 2 3 0 3 2 2 2 2 1 1 3 1 1 3 3 3 2 2 1 3 1 0 0 0 3 3 0 1 1 3 3 3 1 3 3 1 3 0 0 0 0 0 0 2 3 1 3 3 3 0 3 3 0 1 3 1 1 0 3 3 1 0 2 3 1 1 3 0 3 0 0 0 1 2 3 2 1 3 1 3 1 1 3 2 0 1 1 1 2 2 1 3 0 3 1 1 1 0 1 3 3 3 1 2 1 1 0 3 3 1 0 3 3 1 1 1 3 1 3 3 2 2 0 3 2 0 2 1 3 0 3 1 2 3 2 2 2 1 3 2 0 0 3 0 0 0 2 2 3 1 1 1 2 0 3 2 1 3 3 3 2 2 2 1 1 2 0 0 2 3 3 1 0 3 0 1 0 2 0 0 0 2 0 0 0 0 0 2 2 2 1 0 1 3 0 3 1 0 3 2 0 2 1 3 0 3 0 3 2 2 2 0 2 2 3 1 3 3 0 0 3 3 2 3 